2044
2073
1327
2880
2573
2206
2938
2624
3185
3075
3211
3019
2920
3608
3388
2641
2955
2430
1563
2392
2479
2330
2741
2570
1337
1423
2126
1179
1841
726
1266
629
386
255
754
442
447
1000
606
0
1548
1067
719
894
1339
1223
1819
2705
2065
1797
2184
2246
2767
3337
2309
3287
3094
3235
2519
2474
3146
4095
2837
3388
2568
2700
2890
3133
2863
2484
2252
2690
1851
2401
1746
2042
831
1970
924
1072
863
1120
1416
1165
1198
1581
282
419
213
327
1535
714
2179
1560
1503
1158
1742
2175
2507
2128
2823
2742
3187
3274
2851
3041
3216
3799
3284
2994
3121
3697
2936
2694
2665
2226
3423
2312
2492
2669
1590
2911
1785
1737
1849
1565
1027
658
1211
864
194
729
755
917
671
791
862
1275
956
1309
1261
988
2325
1168
1530
2252
2447
3315
2518
1952
2657
3110
4095
2726
2461
3180
3608
2937
3346
2495
3155
3471
2295
2703
3010
2312
2481
2511
2504
1990
1129
1732
1169
1037
926
964
850
1121
778
776
868
592
1213
1193
1004
1088
1791
1234
1571
1107
1784
1267
2373
1494
1698
2371
2096
2852
2846
3169
4073
3278
2393
3345
3581
3220
2829
2612
3145
3263
2865
2637
2398
2019
3383
1387
1798
1712
2480
1345
707
1283
1180
855
414
1283
724
1432
823
584
983
597
487
1484
1190
1863
1366
1846
2129
1311
2469
1663
1837
3150
3523
2893
3030
3030
3338
2789
2764
3139
2898
2421
3828
2935
3003
3530
3192
2725
2328
2209
2807
2147
1900
2065
1327
1445
1235
1396
1344
1224
775
1037
511
954
706
371
946
1607
1081
955
1005
1319
1759
1624
1520
1903
1438
2459
2778
2458
3298
2822
3203
3162
2996
2915
2810
2815
3623
3538
3303
3351
3090
3397
3342
3055
2475
2393
1605
2322
1411
1678
2428
1703
1210
696
1507
764
667
193
929
463
738
743
1146
548
1774
775
1629
1251
1260
1166
1755
2051
2409
2150
2714
3248
2730
3289
2892
3200
3507
3795
2699
3640
3646
3502
3516
3065
2898
2948
2195
3186
2803
2776
2191
2644
2166
1374
2169
1330
1555
699
1827
803
931
1520
671
1137
568
1372
1374
1496
1279
1615
1854
2209
1875
1894
1980
2839
1734
1970
1906
2265
3024
3417
2513
2305
2238
2954
3039
2937
2411
3400
2990
3168
2470
3225
3003
3256
2863
3022
2384
2260
1833
1959
1035
1051
981
787
937
700
860
1128
871
1128
1768
266
1072
388
546
2017
839
1823
1529
1331
1509
1813
1630
2219
1983
2240
2553
2569
3603
3440
2332
3018
3165
3389
2960
3441
2589
3597
3081
2816
3277
3212
3021
2996
2149
2455
1672
1488
2304
2466
1722
1760
1301
1282
1080
1053
782
750
721
973
705
1230
1420
1138
1465
1228
2284
1952
1589
2026
2296
2742
1659
2649
3416
2539
3319
3504
2537
4095
3124
2986
3260
3495
2215
3366
2970
2492
3107
2755
2310
2154
1761
2377
1546
1959
1925
1572
1845
1302
984
1225
617
580
92
476
1141
148
819
1081
779
849
1448
1657
2022
1965
1128
2275
1710
2397
1955
2735
3061
2663
3358
3159
2614
3359
3539
2811
3630
3725
3778
2713
3265
2674
3125
2467
1964
2598
1540
2041
2088
2136
1703
1624
2145
1187
1495
346
1020
1108
637
599
1276
1110
553
80
775
1324
2382
864
1482
1318
1485
2564
2547
1260
2015
2513
2438
2295
3156
2992
2418
3310
3324
3931
3153
3756
2947
3036
3183
2328
2896
3138
1891
3135
3414
2180
2254
2330
1567
1208
1621
1843
1396
745
456
1519
1279
1391
480
240
1114
421
451
660
1445
1064
1001
1873
1651
1770
1596
1885
2101
2292
2479
2311
3170
2857
3129
2906
3452
3902
2383
3521
3683
2595
3214
2194
3233
3082
3413
2349
2692
2355
1762
1834
1519
1460
1719
1586
1991
1136
1009
965
630
683
1408
307
324
328
1214
825
1508
1564
2094
1287
1248
2213
2612
1683
2644
2922
2511
3271
2617
2855
3279
2874
3328
3431
3229
2986
3035
3520
2638
2540
3247
2160
3111
2182
2253
2150
2559
1273
1586
2173
1545
1116
1730
1596
430
1445
1536
968
1365
821
888
677
924
1533
1408
844
1467
2279
1607
1693
1647
2405
2255
2726
2545
2561
3772
2193
3257
4081
3338
3386
3010
3415
2879
3181
3147
3353
2784
3173
2910
2398
1541
2655
1830
1091
1794
1112
1940
1408
1135
1530
406
880
982
781
1145
840
1246
1246
956
1744
1057
857
1852
1427
1667
2511
2200
2121
2255
1639
2746
2568
3084
2544
2733
3203
3785
3420
3413
2596
2839
2785
2710
3332
3286
2784
2998
2405
2137
2017
2194
1681
2009
1108
735
547
875
1327
666
434
396
1727
653
539
1406
1370
969
1078
1807
958
1285
359
786
1951
2293
2647
2159
2583
2206
2775
2607
2935
3659
2559
3651
3847
3790
3384
3244
3939
3345
2819
2421
3079
2476
2098
2311
2003
2296
1980
1141
1353
1868
1506
957
1222
940
912
981
843
356
398
261
503
1139
1232
1409
2488
1293
1957
1831
1555
2159
2301
2835
2156
2527
2715
3403
3632
3118
2840
3088
3094
3267
3648
3526
3148
3732
2763
2783
3124
2331
2831
2437
2049
1834
1871
1395
1912
1829
1204
1727
2253
884
854
290
205
1859
1154
881
445
790
899
1237
1604
1141
2157
1606
1530
1590
1654
2005
2244
2932
2726
3463
2978
2937
2507
2576
2903
2946
3145
3379
2075
3218
3643
3139
2802
3120
2571
2720
2555
1825
756
2305
1119
2130
1581
1709
1082
964
879
0
1114
971
909
1120
1507
688
1299
1371
1733
1156
1631
2089
1332
2227
2364
2148
2528
3094
2524
2777
3718
2929
3711
3113
3997
2536
3242
3285
3326
3173
3042
3225
3036
1952
2643
2587
1643
2030
1256
1901
1275
991
681
1274
523
335
1461
1052
329
13
644
213
1319
788
832
656
1598
1001
1049
1002
1718
2863
1630
2409
2386
3089
3006
3597
2586
3332
2854
3337
3114
3583
3014
3268
3123
3709
2729
2765
3115
2753
2456
2335
2306
1513
1824
1816
1621
1818
1164
670
805
1136
723
629
554
1118
880
736
1095
1004
1127
649
327
1481
1370
1447
2248
2288
2022
1661
3097
3261
3161
2498
2971
3301
3652
3273
3059
3516
3278
2648
2446
2395
3763
3350
3014
2568
2745
2213
2383
1685
1948
1142
1504
1103
1492
780
1239
937
1333
993
1396
824
1130
452
481
2148
1360
1521
880
1631
2294
1164
1967
1993
2196
2416
3288
2523
3296
3122
2465
2638
3346
3410
3093
3412
2724
3298
3975
3184
3122
3009
2615
2198
2731
2647
1709
1876
2181
1655
1634
948
2236
953
1155
913
378
610
387
845
1068
398
1552
862
1277
1844
1752
739
1415
2117
1841
2176
2119
2595
2959
1774
2926
2458
2806
3041
3511
2559
3384
3645
2798
2692
3042
3053
3656
3722
2450
3305
2584
3182
1583
2921
1997
1437
1060
2100
1879
1329
575
911
1053
79
572
478
347
1299
286
1318
1106
1272
1867
1101
2056
1725
1893
2536
2067
2226
1706
2622
3221
3035
2845
3621
4095
3221
3593
2487
3008
3310
2673
2922
2330
3008
3062
3085
2578
2426
1739
2214
1526
2015
1336
1215
1733
866
1035
814
1081
867
173
1323
803
1252
1351
579
1232
1211
2063
1435
1310
2348
1575
1382
2108
3034
2257
3106
2126
2227
2765
3562
2803
2649
3885
3418
3199
3191
3631
3488
3110
3185
2797
2044
2571
2711
3174
1465
1769
2173
896
813
1884
1690
1154
840
480
670
974
627
576
729
1253
689
1022
1020
2083
464
1864
1845
2132
2216
2378
2871
2764
1920
3235
2608
2684
2924
2478
2888
3828
3567
3913
3312
3500
3046
2585
3238
3155
2753
2405
1448
2228
1490
3011
1686
1728
1604
1426
1152
1254
636
1068
631
897
653
1432
1163
1447
776
1075
1888
711
1494
2014
2212
1799
1809
2424
2423
2054
2134
2595
3124
3059
2819
3722
2790
3364
3010
3592
3865
3420
2886
3840
2488
2578
2519
2202
2217
2515
2616
1678
1611
770
1390
1654
1395
752
1228
1320
646
1164
1245
579
1037
829
1371
589
354
2141
680
1517
1628
1397
2564
2300
2477
2814
3265
2894
3087
3366
2921
3042
3323
2874
2820
3548
3329
3279
2813
3655
2838
2943
2433
2747
2728
1984
1829
1587
2008
1543
1996
1289
1466
867
1109
504
81
753
1107
461
1242
1860
301
512
753
729
1600
1707
407
2318
2055
2045
2852
2159
2971
3567
2739
3279
3257
3258
3244
3426
3603
3630
3480
2611
3683
3946
4062
2295
2597
3077
2484
2446
2756
1996
1937
1801
1290
955
1441
1639
0
970
764
797
694
328
453
619
1242
784
1307
945
1021
1372
1328
1649
1665
1957
2071
2245
3277
2789
2565
2659
2413
3728
3130
3651
3512
3385
3662
3378
2494
2525
2811
2753
2583
1409
2229
2612
2210
1899
1167
1932
1666
1232
1226
1086
846
768
1390
1734
971
1409
931
910
191
1267
603
718
854
1837
2052
1920
1969
1942
2674
2058
2487
2564
2755
3138
2314
3935
1756
3053
3359
3106
2921
3343
2764
2889
2976
2816
2627
2713
2428
1950
2602
2128
1542
688
1905
1192
1089
717
673
146
1335
1010
716
825
991
606
609
1158
1398
1454
1070
2100
1374
1784
1697
2602
2647
2546
2839
2661
2627
2818
3143
2683
3321
2934
3437
3608
2638
3227
3286
2923
3590
2457
2055
2194
1882
2728
2423
2122
1812
2102
1778
719
864
1002
1360
994
1001
0
28
637
1028
551
680
1183
1122
1015
1365
1227
2138
1433
2223
2284
2616
2556
2921
2375
3203
2125
3859
3544
3357
3198
2669
3426
3316
3444
2614
3350
2677
2236
2868
2489
2419
1920
2474
1981
1947
1507
2174
1437
1030
1422
1032
1209
723
900
918
582
900
612
811
974
1359
1342
411
1423
1503
1591
1864
2364
2579
2102
2431
2274
2629
2760
3076
3937
3331
3611
3245
3715
3728
3593
2331
3318
3028
2646
1941
2626
3019
1793
2217
1855
1264
1298
934
1793
987
1578
1537
470
691
833
43
920
335
302
569
1142
1213
1340
1873
1221
1851
1257
1957
1956
1699
2347
2499
3190
2733
2851
3137
2956
4095
3134
3116
3602
3708
3636
2751
3805
2146
2828
1836
2334
1863
2193
2438
2005
2176
947
1442
1673
901
552
1091
766
824
573
951
618
397
64
908
850
719
1632
1108
1242
1884
1998
1810
2540
1969
1537
2784
3196
3293
3501
3134
3179
3328
2856
3509
3671
3604
2440
3843
3173
2750
2894
2293
2227
1871
2027
2824
806
1367
1005
1407
601
680
1448
333
1428
967
846
1016
1165
635
655
598
1313
855
741
870
1878
1518
2103
1964
1914
2155
3040
2685
2878
2625
3506
3141
2270
3577
3611
3061
3389
3583
2753
2749
3126
3132
1944
2787
2287
1628
2555
1565
2384
1368
1452
1628
505
1080
1503
1034
1141
813
608
649
656
877
1306
770
638
1447
1322
1623
1168
1891
1328
2010
2376
2567
2554
2702
2593
2572
3028
2983
2741
2950
3064
3594
3477
3632
3075
2995
3289
3417
3279
2487
2656
2730
2186
2233
2448
1668
1700
1734
1408
1471
282
525
493
1478
647
1262
1182
1795
706
695
1259
1119
822
1976
1411
1574
2681
1343
1842
3218
2929
2583
3590
2869
2751
3153
3660
3618
3316
3169
3275
3417
2639
3590
3930
2703
2191
2543
3207
2419
1885
2273
1415
1789
1217
2065
779
1953
1311
878
778
477
1284
609
776
253
823
894
889
626
1283
1166
1845
1532
2073
1892
2072
2845
3095
2929
2633
3054
3060
3229
2870
3049
3183
3625
2409
3242
3039
2637
3241
3213
3024
2817
2339
2416
2732
1559
2682
1562
1461
1934
1761
997
772
1238
735
1822
497
34
783
824
492
1095
860
1254
1021
1596
2202
1863
1476
2054
2101
2316
2707
2418
2487
2839
2980
3837
3640
3521
3204
2724
2866
3075
3384
3602
3228
2474
2296
2492
2323
1897
1945
1556
1363
1344
1722
2095
1358
1598
848
822
753
593
1026
888
1666
918
823
1291
1210
990
711
1506
1848
2212
2341
1763
3135
2260
2676
3825
2724
3313
3417
2761
3261
4095
3267
2679
3421
2940
3212
3612
3283
3198
2847
2493
2610
2744
2199
1886
2317
1355
1719
1326
1198
1367
1316
401
1178
660
314
652
1488
615
132
900
1008
1106
1233
1487
1913
2003
1862
1763
2732
2108
2115
2803
2546
3113
3022
2893
2218
3521
2909
3843
2632
3594
3172
3005
3007
2682
2692
2859
2014
2243
2223
1935
1232
2153
868
1678
723
322
1387
1388
1144
0
458
683
615
941
539
1943
1374
863
2254
2008
1547
1803
1643
2832
3163
2338
2202
3063
2390
3470
2843
2881
3439
3101
2824
3891
2689
3230
3512
3723
3186
3397
2272
3144
2113
2825
1405
2223
2529
1698
1561
2166
1021
1221
1105
504
1442
798
488
0
387
448
266
1448
1426
858
1228
1162
1410
2020
1244
1316
2433
2595
2616
2820
2521
2865
2783
3603
3157
3608
3359
2646
3923
2989
2916
3073
3040
2413
3194
2610
2880
2128
2131
2589
2532
1225
1930
918
1116
1682
1075
1010
1270
1517
755
953
1072
983
1362
0
850
943
1198
1118
1439
1467
1885
1672
2204
2074
2950
2353
3157
2897
3256
3345
3376
2896
2674
3089
3606
2628
3548
2884
2650
2703
2973
2657
2104
1886
1877
1804
1580
905
1787
1199
1174
1142
1111
808
527
403
893
1486
1166
1220
281
0
639
1365
1691
1918
1536
2292
2287
890
2287
1791
2187
2523
2459
2708
3034
4018
3142
3398
2829
3125
3120
3617
2540
3054
2379
2859
2645
2880
2294
3181
1990
1616
1697
1605
1901
1333
1757
1789
888
638
933
320
550
1
1208
647
1229
1211
1840
1092
1221
1671
1544
2068
1775
2334
1952
2639
3014
2399
2808
2958
2883
3562
3923
2229
3193
3466
3305
2641
2729
3341
2731
3288
2800
2861
2949
1856
1473
1621
1242
1360
316
1449
1470
866
1382
362
599
1294
883
205
1104
1080
1454
718
764
1772
1549
1544
1227
2364
1772
