2646
2512
1742
2172
3270
2818
3188
2452
2871
3059
3322
3565
3175
2592
3624
3699
3237
3179
3508
2556
2447
3131
2631
2130
1435
1370
1866
983
1304
1856
1014
1703
1143
793
1226
964
282
530
1186
983
1061
784
1534
1224
1731
1336
1916
1028
1736
2414
1893
3359
2172
2650
2568
2543
2890
3317
3024
2892
3659
3366
3580
3041
2752
3242
3401
3077
2186
2173
2579
2452
1723
1145
2367
1416
1638
612
1904
1142
647
1101
1348
294
248
714
1591
1253
694
1183
1760
972
1549
1518
1458
1080
1812
1806
2114
2588
2403
2860
3147
3021
3726
3028
2897
3562
3639
3387
2578
2754
2646
3304
2351
2951
3008
2826
1733
1941
2126
1721
1912
1804
1025
996
618
1578
992
1296
1605
1703
713
1146
1147
1295
1013
931
1429
1154
1417
1862
1549
1504
2121
1527
2577
2379
2461
3621
3051
3298
3359
3935
2805
2508
3960
3940
3850
3144
3790
3349
2769
2053
2469
2042
2529
2897
2072
2803
1700
1508
1718
1595
1074
840
824
130
1104
1029
488
437
1170
1048
1566
689
1858
1121
1966
1174
1706
1932
2164
1980
2644
2205
3061
3164
2874
3754
2530
3211
3333
4095
3112
3247
3294
2944
3186
3439
2114
3151
1802
3337
2526
2620
2208
2223
1607
1416
1154
1334
1085
1636
1101
702
1129
335
1225
1500
478
563
1066
1296
814
1030
1224
1518
1707
1702
2006
1915
1617
2074
2236
3037
2528
3589
2944
3139
4095
3013
3273
3785
3648
3079
3810
2656
2903
2454
1966
2142
3342
2113
2760
2138
1763
1216
1519
1621
917
616
620
872
737
1425
29
902
1152
1528
780
488
1074
134
1440
2253
1527
2209
1278
2791
2495
2493
2584
2867
3047
3062
3332
3625
3309
3040
3458
3670
2986
3499
2711
2936
2787
2670
1851
2672
2944
2119
2421
1993
1954
1713
1828
988
1383
142
842
445
877
870
1388
859
1586
378
1313
1003
287
1509
1456
2135
1460
1753
1877
2819
1458
2158
2934
2595
2649
3065
3003
3517
3230
3856
3668
3010
3011
3137
3272
3228
2504
2727
2678
2306
2879
1776
2505
2069
2090
1336
1467
1863
700
856
1245
912
1626
207
792
1127
707
1231
1023
864
1373
1260
1588
1237
1682
2475
1611
1792
2704
3069
2055
2769
2385
3069
3199
3078
2484
3765
3904
3419
3444
3250
3288
2260
3185
2682
2864
2074
2574
1667
1320
2060
1841
1643
1783
1288
94
419
855
87
914
868
640
1056
105
771
848
1315
1374
1019
1331
1179
1747
2008
2193
2417
2078
2276
3105
2909
3324
2990
3247
2561
2737
3450
3156
3262
3344
3218
2105
3298
2977
2473
1764
2679
1877
2700
2336
1467
1470
984
2164
1218
1273
1462
565
955
1430
943
987
1488
380
386
699
983
660
1394
1835
1506
1574
1346
1885
2395
2202
2232
2895
3333
3085
3117
3265
3144
3840
3166
2599
3716
3209
3610
2622
3763
2596
2407
2517
2386
2183
2579
2658
1432
1479
1291
785
1700
1343
1147
694
1191
444
592
817
626
718
731
684
1364
868
1192
1838
2114
1824
2277
1767
2598
2490
2556
3169
2905
2805
3567
3795
2659
3221
2805
3561
2903
4069
3259
3399
3737
2835
2854
2359
2394
2366
2098
2365
1023
1833
1528
832
1210
1362
692
1009
837
1082
549
920
430
1270
739
1511
1188
922
671
1489
1796
1703
1264
1630
1609
2484
2377
1826
3861
2730
3077
2808
2620
2952
3228
3283
2824
3282
3048
3366
2798
3281
2478
2820
1584
2579
2708
1855
2129
1239
1121
1590
535
1297
989
448
972
382
813
845
717
1436
546
417
862
923
959
1566
2174
1848
2245
2071
3108
2813
1977
2627
3285
1973
2964
2981
3247
3020
3697
3187
3258
3145
3081
2713
2838
2763
3230
2966
2989
1978
1801
1827
2056
1755
1277
1498
1367
1809
1441
820
608
532
1023
1408
1017
1170
917
1607
1337
1621
1662
1873
1255
1981
2677
1929
1527
2588
2696
2568
2521
2649
3403
2986
2931
2832
3064
3277
3462
3200
3917
2590
3001
2960
2523
2605
2872
2671
2217
1289
2326
1293
318
1526
1443
772
1177
1356
831
808
947
913
598
893
131
1359
1145
1277
1130
1902
2471
1087
2318
2644
2693
2102
2776
3004
2509
2969
3200
3057
3034
3110
3340
3361
3408
3072
3312
3009
2981
2618
3749
2566
2078
2879
2356
1719
2385
800
2189
996
1709
974
704
1686
1369
792
0
696
578
1160
1943
0
1699
824
1852
1800
1955
1626
2043
1109
1935
1490
2295
2346
3001
3690
3089
3375
3437
3008
3013
3423
3391
3179
2864
3138
2858
3281
3031
2679
2471
2277
1871
2235
2038
2063
2046
1827
2021
1716
1513
1289
961
560
925
430
903
1333
1050
641
1637
1151
992
1185
2308
2098
2069
1486
1626
2263
2128
2534
3174
2794
3121
2418
2770
3209
3517
3292
2082
3373
3147
2662
3236
2583
3289
2428
2578
2331
1865
2078
2127
2116
1417
468
747
1586
1164
1270
1444
1317
589
928
1296
1005
814
1794
1175
1975
1718
1372
1497
1249
1555
1489
2308
2694
2562
2549
2675
2893
3023
3017
3670
3931
2847
3434
2771
3412
3663
3364
3301
2664
2282
2382
2410
2539
2437
1963
2109
2654
1264
1912
1674
1355
1691
780
350
517
1008
1021
135
0
478
1148
1318
2066
1580
1304
1224
1626
1731
2476
2490
1907
1989
2795
2279
2649
3850
2222
3091
3627
3817
3300
3854
3388
3392
2395
3073
2607
2845
3189
2866
2925
1807
1718
2204
1884
1404
1549
720
752
1224
650
854
1220
1044
562
673
787
1011
724
527
887
1301
1046
1553
1506
2891
1600
2058
2384
3095
1965
3054
2954
3281
3091
3237
3348
3617
3810
3658
3352
3497
3254
3888
2962
2571
2309
3342
2422
2700
2137
2154
1728
2276
821
1652
751
1895
0
892
327
673
565
308
1031
920
403
1573
1683
1074
1803
1740
889
1702
2807
3033
2332
3480
2903
2576
2557
2447
2333
3894
3158
3748
3105
3092
2946
3354
3430
3197
3064
2459
3306
2606
2352
1868
1806
1533
1619
1630
1913
2235
1749
796
285
1039
0
1012
943
1009
546
814
882
1198
1580
1208
2390
2096
1530
1715
2183
2906
2548
1996
2129
2893
2869
3182
2609
3889
2179
2567
2985
3760
3484
3200
2419
3263
3462
2569
3082
2667
1749
2127
2260
2331
1997
1589
1191
437
880
633
494
901
876
1011
1211
1285
503
557
1031
838
1546
795
705
1760
1785
2325
1961
1638
2634
1702
2173
3081
3176
2513
2866
2652
2388
3371
3333
4095
3179
2813
3388
1878
1807
2934
1881
2754
1870
1843
2119
2066
1101
1400
1799
635
1097
1322
852
219
1245
1358
889
1476
370
652
0
1043
1136
1176
1840
1676
1821
1411
2510
2358
2084
2023
2812
3820
3502
3512
3324
3424
3339
3116
3650
3390
3451
2741
3647
2047
2726
3080
3064
2293
2301
1872
1498
1668
1927
762
1105
674
1512
709
1031
880
881
417
1026
107
18
695
1706
1072
1446
1418
1348
1682
1321
1731
2084
2503
2623
3221
2790
2216
3185
3396
2798
3250
3726
3080
3367
3276
3770
3584
3062
3047
3023
3528
2684
2641
3476
2382
2365
1595
1278
2043
870
602
1697
1137
503
983
483
659
944
1251
808
390
872
875
1371
955
1397
2072
1098
2133
1962
2744
3080
2217
2282
3268
2985
3044
3123
3572
3243
3159
3867
3886
3163
3499
3252
2505
2898
3014
2910
2206
2105
2076
2202
1338
1789
1791
1514
1482
1343
1698
1170
860
460
826
786
97
1162
890
1346
924
538
1410
750
1524
1502
2008
1582
2197
3201
2859
2422
2764
2345
3112
2723
3818
3318
3145
3473
3241
2185
3809
3095
2386
2720
3126
3088
2737
2193
1628
1924
1886
1412
1517
1159
1345
326
1157
1144
798
649
1078
1082
1079
1437
359
1158
979
1366
1694
860
1270
1357
1983
1956
2711
2498
2598
2452
3148
2772
3033
3139
3205
3050
3221
3452
3545
2822
3424
3032
3010
2355
3204
1916
2551
2044
1937
1981
2227
2658
1735
2140
1452
1959
1738
1563
840
817
506
881
1006
968
886
1075
1156
366
1772
1313
1546
1587
2743
2071
1826
2548
2787
2594
3502
3027
2359
2576
2584
2542
1874
2730
2652
3502
3320
2511
2621
2172
2999
2807
2578
1855
1638
1840
1275
1824
1956
1371
1050
1137
1580
1338
983
349
1165
1466
738
929
953
1390
1109
1018
572
1312
1804
2162
1577
2657
2041
2188
2609
2051
2822
2142
4032
3687
2904
3369
3151
3958
3177
2803
2957
3357
3230
3264
2805
2620
2344
1994
2726
2141
2675
1965
1843
1936
1589
322
1173
1878
480
1241
560
883
345
800
815
1402
636
609
898
2021
1767
1187
1500
1875
1990
2428
2515
3014
2245
2730
2790
3503
3061
3247
4095
3274
3796
3522
2975
2889
2571
2437
2878
2942
2245
2299
1665
2105
1441
1782
1078
930
2272
1750
1233
1491
709
971
362
1019
762
603
474
1148
1050
1738
1476
1173
1869
1258
2479
1595
2764
1541
2433
1927
2856
3042
2528
2997
3496
2861
4091
3633
3058
3073
3080
3719
2818
2610
3220
3858
2941
2784
2172
2755
2468
1900
1784
2073
718
953
361
508
1352
1355
437
477
1188
906
449
1465
1082
537
1025
1694
1542
1996
1750
1257
2332
2371
1115
1921
2165
2760
2764
2825
2761
3777
2820
3099
3225
2851
2889
4024
3119
3063
2902
2642
2569
2074
2226
1785
1425
1594
1727
1002
1702
1283
877
767
649
1178
221
1372
1326
1450
679
989
1622
1224
1048
1464
1300
2188
2227
2496
1764
2295
2459
2581
3588
2806
3817
2957
2210
3025
2878
2912
2627
3470
3575
3976
2519
3218
2899
2386
1961
1725
980
1783
1603
1166
1144
1542
930
1454
618
500
918
1268
919
996
493
1522
1314
860
1101
943
1111
1166
1450
1621
2676
2425
2083
2068
1806
2558
2814
2970
2646
4095
3100
3420
2754
2795
3072
3177
2251
3295
3110
2986
3159
2496
2942
2472
2959
1980
2213
1552
1467
1811
1902
838
811
1310
1391
1185
1546
1252
545
228
1132
871
1108
1541
1337
1143
1259
2086
1594
2159
2036
2073
3093
2448
2869
2472
3193
2113
2686
3493
2869
3856
3540
3769
3821
3241
3666
3081
3618
2707
2275
1932
2525
1909
3220
1389
2284
1412
1294
1426
1004
1684
1076
768
772
0
946
579
1593
1466
936
1497
1248
1715
1145
1399
2261
2302
2057
2463
2710
3228
2622
2928
3145
2679
2700
3854
3118
3594
3243
3267
2982
3567
1753
2699
2775
2850
2776
2256
3278
1500
1975
943
2053
1387
939
1320
535
264
1249
1041
691
747
1054
1330
1038
1159
808
1304
1262
1119
1207
2181
2988
2203
2616
2329
2391
2251
2888
2311
3400
3386
3558
2542
2794
2870
4095
2690
2824
3299
3005
3230
3175
2463
1894
2696
1800
3154
1688
1732
1081
1480
1406
1564
1212
1317
795
381
896
617
875
1109
609
1395
477
748
1060
1261
863
1940
1839
1817
2720
2151
2674
2156
2325
3084
3697
2615
2682
3060
2702
2820
3138
2900
3138
2916
2964
3317
2366
1869
2171
2497
2394
2309
1488
1606
2252
706
1481
1135
1548
1331
1344
469
322
383
285
885
803
0
667
846
1251
1816
1435
1691
1920
930
2493
2090
3035
2301
2248
2909
3638
3170
3496
2950
3476
3099
3736
2773
2547
3040
2954
3466
2777
2937
2350
2729
1735
1032
2109
1546
1022
1761
841
2155
1184
962
643
778
1461
1287
502
1478
468
847
1331
1239
478
1597
933
1376
1745
2113
2213
2995
2260
2262
2543
2773
2742
3023
3659
3230
3222
3602
2862
3070
3290
3660
3166
3130
2726
2771
2314
1981
1617
2421
2175
1971
1974
1618
1885
1379
668
1611
1325
670
96
1135
616
943
1716
886
1218
879
865
1538
1492
1613
1835
1775
2223
2360
2453
3400
3034
2857
2397
3166
2734
3347
3752
3020
3281
3228
3368
3304
2932
2811
2035
2776
2576
2635
2521
2335
1877
1700
1526
2278
741
1760
812
1440
1219
162
122
788
844
1159
595
548
592
1440
1802
916
738
1517
2248
2425
3070
2455
2974
2710
3216
3144
2786
3167
3477
3615
3308
3564
2509
3186
3523
3753
3385
2963
2680
2146
2414
2478
2090
1840
1867
2078
1772
1621
1734
524
1139
892
888
505
975
714
1566
590
923
1254
0
763
1654
1583
892
1095
1639
2346
3086
2696
2705
2783
3309
3148
2718
3136
3062
3792
3021
3627
3364
2716
2819
3522
3733
3336
2305
2023
2483
2332
2155
1975
2221
1400
1956
1578
1601
1255
146
1478
1359
0
1096
891
927
465
702
1254
764
1684
656
1315
1688
1810
1694
2514
2255
2420
2351
2039
2749
2987
3072
1794
3567
3022
3124
2749
3399
2603
3053
2877
3864
2974
2656
2875
3486
2950
2571
1603
1380
2262
2105
875
539
604
1263
1487
1236
1466
896
387
788
1200
866
841
961
1553
973
1490
1967
2544
1474
2494
1494
2700
2459
2080
2544
3084
2906
3032
3174
3374
3838
3391
3386
2903
3095
3314
3872
2895
3707
2177
2237
2442
2195
2277
2408
1148
2146
1332
1729
1190
2187
1308
1813
1015
1253
610
1276
80
1173
1217
690
1184
1791
748
1523
2668
2549
1856
2834
1684
2308
2629
3079
2947
2514
3400
3607
3011
3336
3048
3524
3235
3153
2281
2748
2490
3112
2503
1781
3452
2810
2600
1660
1438
1948
1945
1609
1483
1193
1291
831
1193
664
1017
558
430
878
1535
1493
777
810
1050
1596
1264
1932
2176
2216
1290
2927
2158
3055
4052
2636
3482
2553
2860
3841
1957
3437
3190
3411
2826
2659
2942
3303
2663
2836
1848
2802
2163
1511
1199
2264
971
2249
934
2110
201
596
1263
275
981
670
665
573
1139
559
1836
1989
1672
2445
1488
2052
2151
2233
2351
2470
2995
2675
3300
3023
2863
3367
3213
3178
3740
3338
2252
2831
2958
3337
2741
3078
2728
2967
2684
2672
2750
1955
1625
1183
991
897
1279
1535
1133
1508
180
756
1232
1298
514
917
966
800
1303
1435
1016
2122
2345
2427
