    0
-2048
-2048
 2046
 2045
 2046
 2045
 2044
 2045
 2047
-2042
-2031
-2015
-1990
-1958
-1914
-1859
-1796
-1723
-1642
-1555
-1466
-1374
-1285
-1200
-1120
-1047
 -983
 -932
 -895
 -875
 -876
 -901
 -951
-1031
-1138
-1268
-1422
-1590
-1765
-1941
 1986
 1830
 1690
 1567
 1457
 1362
 1276
 1200
 1129
 1070
 1018
  979
  960
  958
  977
 1015
 1072
 1146
 1231
 1328
 1436
 1551
 1673
 1800
 1929
-2033
-1899
-1770
-1644
-1522
-1406
-1298
-1202
-1115
-1042
 -983
 -947
 -930
 -940
 -974
-1035
-1122
-1227
-1353
-1493
-1640
-1791
-1944
 2002
 1857
 1719
 1589
 1465
 1351
 1246
 1152
 1074
 1014
  972
  951
  950
  968
 1004
 1052
 1107
 1172
 1239
 1314
 1395
 1489
 1595
 1717
 1858
 2015
-1913
-1740
-1567
-1403
-1257
-1136
-1042
 -978
 -947
 -941
 -960
 -997
-1050
-1114
-1188
-1273
-1364
-1467
-1581
-1705
-1839
-1980
 1970
 1826
 1691
 1570
 1467
 1382
 1318
 1271
 1241
 1220
 1207
 1201
 1196
 1195
 1199
 1210
 1232
 1267
 1317
 1383
 1470
 1575
 1698
 1837
 1992
-1937
-1764
-1592
-1423
-1263
-1118
 -990
 -884
 -800
 -739
 -706
 -699
 -720
 -770
 -843
 -939
-1049
-1170
-1296
-1423
-1551
-1676
-1802
-1932
 2025
 1876
 1723
 1562
 1405
 1254
 1123
 1016
  936
  888
  873
  886
  926
  986
 1061
 1149
 1242
 1344
 1452
 1566
 1687
 1818
 1957
-1993
-1840
-1686
-1535
-1389
-1254
-1133
-1031
 -951
 -892
 -857
 -845
 -855
 -884
 -931
 -991
-1063
-1144
-1235
-1332
-1439
-1555
-1681
-1820
-1965
 1982
 1831
 1682
 1542
 1413
 1299
 1202
 1123
 1058
 1009
  973
  954
  947
  956
  980
 1022
 1077
 1149
 1234
 1330
 1438
 1557
 1684
 1821
 1969
-1974
-1810
-1643
-1477
-1314
-1162
-1029
 -917
 -835
 -786
 -771
 -788
 -837
 -912
-1004
-1111
-1224
-1343
-1462
-1586
-1711
-1844
-1986
 1960
 1803
 1642
 1484
 1335
 1199
 1085
  994
  927
  885
  859
  851
  862
  884
  923
  977
 1050
 1142
 1254
 1387
 1536
 1697
 1866
 2041
-1883
-1714
-1556
-1408
-1272
-1149
-1046
 -963
 -900
 -865
 -852
 -864
 -902
 -959
-1034
-1119
-1210
-1308
-1407
-1508
-1614
-1726
-1848
-1981
 1970
 1813
 1651
 1493
 1341
 1208
 1095
 1011
  954
  923
  911
  923
  949
  985
 1034
 1094
 1165
 1248
 1344
 1451
 1569
 1693
 1826
 1962
-1994
-1853
-1709
-1565
-1422
-1288
-1161
-1053
 -964
 -901
 -865
 -856
 -875
 -919
 -984
-1062
-1154
-1255
-1361
-1475
-1592
-1715
-1845
-1979
 1977
 1836
 1696
 1559
 1429
 1311
 1209
 1123
 1054
 1006
  978
  967
  975
 1001
 1045
 1106
 1181
 1271
 1375
 1492
 1615
 1745
 1880
 2015
-1945
-1815
-1685
-1560
-1439
-1322
-1211
-1110
-1020
 -947
 -897
 -872
 -875
 -906
 -968
-1056
-1165
-1291
-1430
-1577
-1728
-1880
-2035
 1905
 1745
 1587
 1429
 1276
 1134
 1005
  896
  807
  746
  710
  701
  716
  753
  807
  877
  962
 1060
 1171
 1296
 1432
 1577
 1732
 1894
-2040
-1879
-1724
-1581
-1452
-1339
-1243
-1166
-1106
-1064
-1040
-1031
-1041
-1066
-1110
-1169
-1242
-1330
-1429
-1537
-1653
-1772
-1895
-2020
 1953
 1831
 1714
 1602
 1498
 1402
 1314
 1233
 1161
 1098
 1040
  990
  954
  932
  928
  944
  982
 1044
 1127
 1234
 1358
 1499
 1655
 1818
 1989
-1932
-1757
-1589
-1427
-1281
-1154
-1046
 -961
 -902
 -865
 -849
 -856
 -883
 -929
 -993
-1072
-1166
-1274
-1394
-1524
-1664
-1810
-1960
 1984
 1834
 1687
 1544
 1411
 1286
 1172
 1068
  981
  908
  854
  818
  807
  820
  860
  929
 1022
 1137
 1271
 1419
 1578
 1742
 1907
-2025
-1865
-1712
-1567
-1434
-1312
-1204
-1110
-1030
 -961
 -906
 -863
 -831
 -814
 -815
 -835
 -880
 -948
-1043
-1163
-1304
-1465
-1637
-1815
-1992
 1928
 1763
 1606
 1465
 1337
 1226
 1129
 1049
  988
  944
  917
  906
  909
  927
  958
  999
 1049
 1111
 1182
 1262
 1354
 1459
 1577
 1709
 1852
 2003
-1940
-1788
-1645
-1512
-1396
-1294
-1212
-1148
-1099
-1067
-1048
-1046
-1063
-1095
-1148
-1218
-1307
-1417
-1540
-1679
-1830
-1989
 1941
 1775
 1611
 1454
 1308
 1177
 1063
  968
  894
  840
  804
  785
  782
  800
  838
  896
  982
 1090
 1221
 1374
 1539
 1712
 1885
-2047
-1895
-1760
-1640
-1534
-1441
-1354
-1276
-1203
-1136
-1077
-1032
-1001
 -985
 -987
-1008
-1049
-1107
-1182
-1275
-1382
-1501
-1634
-1773
-1916
 2037
 1895
 1759
 1631
 1511
 1403
 1307
 1227
 1162
 1114
 1089
 1087
 1105
 1142
 1197
 1267
 1347
 1434
 1525
 1620
 1716
 1816
 1917
 2020
-1970
-1864
-1753
-1644
-1538
-1434
-1337
-1246
-1164
-1093
-1034
 -992
 -967
 -960
 -973
-1009
-1067
-1146
-1248
-1371
-1513
-1670
-1837
-2010
 1913
 1748
 1592
 1452
 1330
 1226
 1140
 1065
 1008
  960
  923
  901
  897
  912
  949
 1011
 1101
 1212
 1342
 1489
 1645
 1803
 1960
-1984
-1841
-1709
-1586
-1473
-1370
-1278
-1195
-1118
-1055
-1002
 -961
 -934
 -919
 -926
 -945
 -983
-1038
-1112
-1204
-1312
-1436
-1571
-1718
-1871
-2027
 1913
 1766
 1622
 1490
 1365
 1254
 1156
 1073
 1006
  963
  938
  939
  964
 1011
 1076
 1156
 1243
 1335
 1424
 1515
 1605
 1698
 1803
 1920
-2043
-1897
-1738
-1576
-1415
-1265
-1137
-1033
 -958
 -911
 -891
 -894
 -917
 -955
-1010
-1077
-1157
-1247
-1347
-1452
-1560
-1668
-1775
-1881
-1985
 2006
 1897
 1784
 1666
 1543
 1419
 1300
 1194
 1107
 1042
 1005
  997
 1017
 1063
 1130
 1213
 1308
 1410
 1517
 1627
 1740
 1859
 1977
-1997
-1873
-1751
-1631
-1518
-1414
-1324
-1247
-1186
-1143
-1117
-1105
-1106
-1120
-1150
-1196
-1255
-1331
-1425
-1535
-1660
-1800
-1950
 1992
 1842
 1697
 1566
 1448
 1350
 1272
 1211
 1170
 1144
 1137
 1141
 1158
 1186
 1221
 1264
 1312
 1366
 1425
 1488
 1559
 1645
 1741
 1854
 1982
-1973
-1823
-1667
-1511
-1362
-1226
-1106
-1007
 -929
 -874
 -844
 -841
 -860
 -904
 -970
-1053
-1150
-1255
-1365
-1477
-1589
-1699
-1808
-1918
-2031
 1942
 1811
 1669
 1521
 1370
 1222
 1083
  962
  867
  804
  779
  791
  836
  911
 1011
 1127
 1253
 1384
 1513
 1639
 1763
 1882
 2001
-1974
-1848
-1718
-1585
-1450
-1316
-1188
-1072
 -972
 -895
 -847
 -826
 -832
 -865
 -917
 -989
-1078
-1179
-1291
-1416
-1553
-1699
-1859
-2027
 1897
 1727
 1562
 1411
 1276
 1161
 1064
  987
  925
  881
  851
  834
  832
  847
  879
  934
 1013
 1114
 1238
 1379
 1534
 1699
 1867
 2036
-1894
-1734
-1582
-1435
-1295
-1163
-1043
 -933
 -839
 -762
 -709
 -680
 -679
 -700
 -750
 -821
 -914
-1019
-1141
-1272
-1412
-1559
-1714
-1876
-2045
 1879
 1702
 1526
 1356
 1196
 1053
  935
  842
  778
  747
  751
  781
  841
  923
 1025
 1145
 1280
 1423
 1579
 1739
 1904
-2033
-1878
-1736
-1608
-1493
-1395
-1307
-1232
-1166
-1104
-1048
 -999
 -957
 -928
 -917
 -926
 -958
-1014
-1095
-1196
-1318
-1451
-1594
-1741
-1886
-2026
 1933
 1801
 1670
 1541
 1414
 1289
 1171
 1066
  977
  910
  872
  866
  894
  952
 1037
 1143
 1264
 1396
 1530
 1667
 1800
 1925
 2044
-1938
-1831
-1728
-1631
-1540
-1453
-1372
-1297
-1228
-1167
-1116
-1073
-1043
-1027
-1027
-1044
-1081
-1138
-1216
-1315
-1431
-1566
-1717
-1882
 2041
 1859
 1677
 1502
 1340
 1199
 1082
  989
  924
  884
  864
  863
  873
  893
  924
  963
 1016
 1083
 1167
 1266
 1380
 1505
 1639
 1775
 1912
 2047
-1921
-1796
-1677
-1566
-1458
-1357
-1266
-1187
-1129
-1096
-1087
-1107
-1156
-1229
-1324
-1432
-1551
-1673
-1796
-1917
-2037
 1939
 1821
 1701
 1585
 1470
 1363
 1264
 1175
 1101
 1036
  984
  941
  909
  891
  886
  899
  931
  988
 1066
 1168
 1291
 1431
 1587
 1754
 1929
-1989
-1806
-1626
-1449
-1283
-1135
-1006
 -903
 -826
 -780
 -762
 -771
 -804
 -854
 -922
-1002
-1097
-1204
-1325
-1459
-1605
-1761
-1927
 2000
 1832
 1669
 1513
 1372
 1244
 1130
 1031
  946
  874
  819
  781
  763
  766
  792
  841
  912
 1002
 1110
 1231
 1364
 1505
 1656
 1810
 1968
-1969
-1812
-1659
-1512
-1378
-1256
-1147
-1049
 -970
 -901
 -848
 -808
 -783
 -776
 -783
 -808
 -853
 -916
 -999
-1106
-1235
-1385
-1554
-1739
-1934
 1966
 1770
 1585
 1415
 1268
 1142
 1038
  959
  900
  862
  840
  834
  849
  880
  930
  998
 1087
 1198
 1325
 1467
 1625
 1789
 1955
-1973
-1811
-1656
-1507
-1369
-1241
-1125
-1019
 -927
 -852
 -798
 -765
 -757
 -778
 -824
 -896
 -991
-1106
-1236
-1377
-1521
-1668
-1812
-1949
 2016
 1891
 1772
 1659
 1549
 1438
 1332
 1228
 1129
 1041
  967
  910
  871
  854
  861
  889
  939
 1011
 1105
 1217
 1349
 1497
 1658
 1826
 1998
-1931
-1769
-1616
-1478
-1355
-1249
-1159
-1086
-1031
 -994
 -975
 -972
 -987
-1018
-1067
-1129
-1208
-1304
-1415
-1542
-1685
-1840
-2004
 1924
 1759
 1600
 1454
 1324
 1213
 1127
 1061
 1014
  985
  972
  972
  982
 1001
 1028
 1063
 1110
 1170
 1245
 1338
 1450
 1579
 1723
 1879
 2041
-1893
-1735
-1585
-1447
-1324
-1217
-1126
-1052
 -994
 -953
 -935
 -937
 -961
-1007
-1074
-1159
-1258
-1365
-1473
-1579
-1677
-1768
-1850
-1927
-2002
 2015
 1929
 1833
 1723
 1605
 1482
 1360
 1242
 1142
 1061
 1005
  976
  976
 1004
 1060
 1144
 1248
 1372
 1511
 1664
 1822
 1982
-1962
-1823
-1701
-1602
-1527
-1477
-1447
-1431
-1422
-1419
-1412
-1403
-1392
-1383
-1377
-1384
-1408
-1454
-1522
-1611
-1716
-1835
-1963
 2006
 1881
 1763
 1651
 1549
 1456
 1374
 1300
 1232
 1173
 1124
 1083
 1054
 1037
 1031
 1042
 1069
 1115
 1178
 1261
 1362
 1476
 1604
 1739
 1881
 2027
-1923
-1776
-1631
-1490
-1355
-1229
-1115
-1018
 -942
 -888
 -859
 -852
 -868
 -906
 -960
-1028
-1108
-1198
-1294
-1396
-1506
-1619
-1738
-1866
-2000
 1956
 1814
 1670
 1526
 1385
 1256
 1141
 1042
  962
  905
  869
  855
  866
  898
  952
 1025
 1115
 1224
 1346
 1476
 1618
 1766
 1918
-2022
-1865
-1708
-1553
-1403
-1261
-1129
-1016
 -925
 -862
 -826
 -823
 -852
 -910
 -996
-1102
-1223
-1358
-1497
-1641
-1783
-1923
 2043
 1919
 1806
 1701
 1603
 1510
 1420
 1332
 1244
 1159
 1077
 1009
  955
  925
  920
  943
  993
 1067
 1162
 1268
 1382
 1502
 1620
 1736
 1854
 1970
-2008
-1887
-1759
-1627
-1494
-1363
-1237
-1122
-1022
 -944
 -887
 -851
 -837
 -841
 -860
 -891
 -937
 -994
-1069
-1159
-1267
-1399
-1555
-1731
-1923
 1971
 1768
 1573
 1393
 1234
 1104
 1001
  927
  882
  860
  859
  879
  912
  962
 1024
 1098
 1183
 1276
 1370
 1469
 1566
 1664
 1765
 1870
 1976
-2006
-1883
-1755
-1625
-1494
-1369
-1257
-1158
-1077
-1020
 -986
 -978
 -999
-1046
-1119
-1221
-1344
-1488
-1643
-1809
-1977
 1953
 1797
 1649
 1512
 1390
 1282
 1191
 1120
 1064
 1028
 1009
 1008
 1023
 1050
 1092
 1143
 1207
 1281
 1369
 1469
 1582
 1707
 1843
 1988
-1960
-1813
-1675
-1545
-1433
-1338
-1262
-1201
-1150
-1109
-1076
-1049
-1030
-1024
-1037
-1074
-1144
-1246
-1381
-1543
-1724
-1915
 1993
 1815
 1650
 1506
 1384
 1281
 1196
 1127
 1073
 1031
 1000
  980
  971
  971
  981
 1000
 1027
 1067
 1120
 1188
 1269
 1368
 1479
 1603
 1735
 1873
 2014
-1937
-1795
-1658
-1528
-1407
-1299
-1211
-1140
-1091
-1061
-1050
-1052
-1065
-1085
-1112
-1142
-1181
-1231
-1295
-1376
-1476
-1596
-1728
-1873
-2023
 1923
 1780
 1647
 1528
 1422
 1332
 1252
 1186
 1130
 1085
 1055
 1036
 1038
 1056
 1096
 1156
 1238
 1339
 1455
 1583
 1718
 1858
 1997
-1966
-1836
-1716
-1602
-1494
-1387
-1281
-1175
-1069
 -967
 -877
 -799
 -745
 -722
 -732
 -779
 -859
 -967
-1098
-1243
-1397
-1550
-1704
-1853
-1999
 1953
 1814
 1674
 1538
 1405
 1281
 1172
 1080
 1014
  972
  957
  968
 1002
 1057
 1132
 1218
 1320
 1431
 1551
 1682
 1820
 1965
-1983
-1836
-1693
-1555
-1429
-1315
-1213
-1127
-1057
-1005
 -969
 -954
 -957
 -982
-1021
-1075
-1143
-1220
-1306
-1404
-1512
-1630
-1761
-1906
 2033
 1870
 1702
 1540
 1386
 1250
 1136
 1049
  983
  942
  925
  925
  942
  971
 1016
 1071
 1144
 1231
 1336
 1457
 1591
 1735
 1881
 2025
-1928
-1795
-1673
-1561
-1460
-1369
-1287
-1214
-1151
-1097
-1056
-1026
-1012
-1011
-1025
-1058
-1106
-1172
-1254
-1353
-1465
-1592
-1726
-1866
-2009
 1943
 1800
 1663
 1534
 1409
 1293
 1189
 1096
 1017
  954
  905
  872
  856
  859
  884
  927
  991
 1078
 1186
 1313
 1457
 1612
 1776
 1941
-1995
-1842
-1704
-1583
-1477
-1389
-1317
-1262
-1220
-1189
-1169
-1164
-1171
-1190
-1227
-1277
-1344
-1424
-1520
-1625
-1737
-1855
-1976
 1998
 1878
 1759
 1640
 1522
 1403
 1283
 1164
 1049
  941
  846
  765
  710
  682
  687
  725
  792
  887
 1007
 1141
 1289
 1442
 1601
 1760
 1923
-2010
-1848
-1688
-1535
-1389
-1257
-1146
-1057
 -990
 -948
 -929
 -931
 -950
 -986
-1038
-1107
-1192
-1293
-1412
-1548
-1698
-1853
-2011
 1931
 1786
 1655
 1538
 1439
 1354
 1279
 1217
 1163
 1116
 1075
 1042
 1016
 1001
  997
 1004
 1031
 1076
 1140
 1227
 1335
 1464
 1606
 1760
 1919
-2018
-1861
-1710
-1569
-1437
-1317
-1209
-1112
-1028
 -963
 -915
 -887
 -884
 -904
 -951
-1021
-1110
-1220
-1342
-1469
-1598
-1728
-1853
-1972
 2006
 1891
 1776
 1658
 1540
 1421
 1309
 1205
 1116
 1046
  998
  972
  968
  982
 1017
 1069
 1136
 1218
 1316
 1431
 1559
 1701
 1856
 2016
-1919
-1764
-1616
-1480
-1358
-1250
-1159
-1082
-1020
 -975
 -947
 -937
 -946
 -977
-1024
-1091
-1170
-1263
-1363
-1468
-1580
-1698
-1819
-1947
 2017
 1881
 1739
 1594
 1450
 1312
 1183
 1067
  966
  885
  827
  795
  786
  805
  848
  916
 1010
 1128
 1270
 1429
 1608
 1796
 1993
-1909
-1724
-1553
-1398
-1262
-1148
-1054
 -979
 -921
 -875
 -842
 -825
 -824
 -840
 -875
 -932
-1008
-1106
-1219
-1346
-1480
-1621
-1763
-1907
-2047
 1910
 1772
 1639
 1506
 1379
 1263
 1160
 1072
 1000
  945
  906
  885
  879
  888
  912
  954
 1019
 1106
 1221
 1361
 1525
 1709
 1904
-1992
-1798
-1616
-1454
-1311
-1191
-1093
-1016
 -959
 -916
 -887
 -872
 -873
 -892
 -928
 -984
-1059
-1151
-1261
-1383
-1510
-1645
-1783
-1920
 2040
 1907
 1772
 1642
 1512
 1388
 1269
 1161
 1067
  989
  928
  888
  870
  874
  900
  947
 1015
 1101
 1208
 1326
 1457
 1596
 1737
 1878
 2017
-1950
-1827
-1716
-1613
-1520
-1436
-1361
-1295
-1235
-1183
-1137
-1101
-1072
-1052
-1042
-1048
-1073
-1121
-1195
-1296
-1425
-1579
-1755
-1942
 1965
 1781
 1612
 1463
 1337
 1235
 1153
 1092
 1048
 1014
  995
  988
  996
 1022
 1066
 1130
 1216
 1320
 1435
 1559
 1684
 1812
 1938
-2035
-1913
-1793
-1673
-1549
-1426
-1303
-1186
-1078
 -983
 -907
 -851
 -816
 -806
 -821
 -860
 -924
-1010
-1114
-1236
-1370
-1510
-1654
-1795
-1928
 2044
 1932
 1833
 1741
 1654
 1571
 1487
 1403
 1317
 1239
 1164
 1105
 1066
 1052
 1068
 1117
 1195
 1301
 1425
 1566
 1711
 1860
 2004
-1953
-1820
-1692
-1571
-1454
-1346
-1243
-1149
-1076
-1019
 -984
 -975
 -987
-1020
-1069
-1129
-1194
-1264
-1336
-1408
-1484
-1565
-1656
-1754
-1863
-1983
 1984
 1850
 1715
 1581
 1451
 1329
 1221
 1126
 1050
  992
  954
  938
  943
  966
 1006
 1066
 1142
 1236
 1344
 1465
 1605
 1757
 1919
-2008
-1838
-1674
-1523
-1391
-1279
-1190
-1122
-1079
-1052
-1040
-1038
-1050
-1067
-1096
-1136
-1194
-1264
-1355
-1462
-1580
-1712
-1850
-1992
 1962
 1823
 1684
 1550
 1421
 1298
 1181
 1076
  986
  918
  874
  862
  881
  934
 1018
 1125
 1251
 1390
 1532
 1677
 1816
 1952
-2014
-1887
-1762
-1641
-1522
-1406
-1298
-1201
-1119
-1056
-1011
 -986
 -978
 -984
-1003
-1028
-1059
-1095
-1139
-1193
-1262
-1348
-1457
-1590
-1744
-1912
 2007
 1830
 1662
 1508
 1372
 1260
